x[0]=0.5; x[1]=0.5; x[2]=0.5; x[3]=0.5; 
x[4]=0.8494205442102065; x[5]=0.8494205442102065; x[6]=0.8494205442102065; x[7]=0.8494205442102065; 
x[8]=0.15057945578979348; x[9]=0.15057945578979348; x[10]=0.15057945578979348; x[11]=0.15057945578979348; 
