x[0]=0.5; x[1]=0.5; x[2]=0.5; x[3]=0.5; 
x[4]=0.7470776362969308; x[5]=0.7470776362969308; x[6]=0.7470776362969308; x[7]=0.7470776362969308; 
x[8]=0.9941552725938617; x[9]=0.9941552725938617; x[10]=0.9941552725938617; x[11]=0.9941552725938617; 
x[12]=0.25292236370306914; x[13]=0.25292236370306914; x[14]=0.25292236370306914; x[15]=0.25292236370306914; 
x[16]=0.005844727406138307; x[17]=0.005844727406138307; x[18]=0.005844727406138307; x[19]=0.005844727406138307; 
x[20]=0.9514333046482636; x[21]=0.8306544171861575; x[22]=0.44834670874015525; x[23]=0.016643205722354486; 
x[24]=0.048566695351736425; x[25]=0.16934558281384246; x[26]=0.5516532912598447; x[27]=0.9833567942776456; 
x[28]=0.8306544171861575; x[29]=0.44834670874015525; x[30]=0.016643205722354486; x[31]=0.9514333046482636; 
x[32]=0.16934558281384246; x[33]=0.5516532912598447; x[34]=0.9833567942776456; x[35]=0.048566695351736425; 
x[36]=0.8997800133884188; x[37]=0.347297622908512; x[38]=0.8997800133884188; x[39]=0.347297622908512; 
x[40]=0.6527023770914879; x[41]=0.10021998661158119; x[42]=0.6527023770914879; x[43]=0.10021998661158119; 
x[44]=0.44834670874015525; x[45]=0.016643205722354486; x[46]=0.9514333046482636; x[47]=0.8306544171861575; 
x[48]=0.9833567942776456; x[49]=0.048566695351736425; x[50]=0.16934558281384246; x[51]=0.5516532912598447; 
x[52]=0.10021998661158119; x[53]=0.6527023770914879; x[54]=0.10021998661158119; x[55]=0.6527023770914879; 
x[56]=0.347297622908512; x[57]=0.8997800133884188; x[58]=0.347297622908512; x[59]=0.8997800133884188; 
x[60]=0.5516532912598447; x[61]=0.9833567942776456; x[62]=0.048566695351736425; x[63]=0.16934558281384246; 
x[64]=0.016643205722354486; x[65]=0.9514333046482636; x[66]=0.8306544171861575; x[67]=0.44834670874015525; 
