x[0]=0.5; x[1]=0.5; x[2]=0.5; x[3]=0.5; 
x[4]=0.7938264830423647; x[5]=0.7938264830423647; x[6]=0.7938264830423647; x[7]=0.7938264830423647; 
x[8]=0.20617351695763528; x[9]=0.20617351695763528; x[10]=0.20617351695763528; x[11]=0.20617351695763528; 
x[12]=0.6815947533150261; x[13]=0.024578763642609257; x[14]=0.6815947533150261; x[15]=0.024578763642609257; 
x[16]=0.9754212363573908; x[17]=0.318405246684974; x[18]=0.9754212363573908; x[19]=0.318405246684974; 
x[20]=0.318405246684974; x[21]=0.9754212363573908; x[22]=0.318405246684974; x[23]=0.9754212363573908; 
x[24]=0.024578763642609257; x[25]=0.6815947533150261; x[26]=0.024578763642609257; x[27]=0.6815947533150261; 
