x[0]=0.5; x[1]=0.5; 
x[2]=0.618217701125397; x[3]=0.618217701125397; 
x[4]=0.736435402250794; x[5]=0.736435402250794; 
x[6]=0.8546531033761909; x[7]=0.8546531033761909; 
x[8]=0.9728708045015879; x[9]=0.9728708045015879; 
x[10]=0.381782298874603; x[11]=0.381782298874603; 
x[12]=0.26356459774920604; x[13]=0.26356459774920604; 
x[14]=0.14534689662380906; x[15]=0.14534689662380906; 
x[16]=0.027129195498412095; x[17]=0.027129195498412095; 
x[18]=0.573062557367372; x[19]=0.30871974150723097; 
x[20]=0.691280258492769; x[21]=0.42693744263262795; 
x[22]=0.809497959618166; x[23]=0.545155143758025; 
x[24]=0.9277156607435629; x[25]=0.663372844883422; 
x[26]=0.45484485624197507; x[27]=0.19050204038183402; 
x[28]=0.3366271551165781; x[29]=0.07228433925643704; 
x[30]=0.7643428158601411; x[31]=0.23565718413985898; 
x[32]=0.8825605169855381; x[33]=0.35387488526525596; 
x[34]=0.6461251147347441; x[35]=0.117439483014462; 
x[36]=0.8374053732275131; x[37]=0.04437692564708997; 
x[38]=0.95562307435291; x[39]=0.16259462677248696; 
x[40]=0.42693744263262795; x[41]=0.691280258492769; 
x[42]=0.545155143758025; x[43]=0.809497959618166; 
x[44]=0.663372844883422; x[45]=0.9277156607435629; 
x[46]=0.30871974150723097; x[47]=0.573062557367372; 
x[48]=0.19050204038183402; x[49]=0.45484485624197507; 
x[50]=0.07228433925643704; x[51]=0.3366271551165781; 
x[52]=0.23565718413985898; x[53]=0.7643428158601411; 
x[54]=0.35387488526525596; x[55]=0.8825605169855381; 
x[56]=0.117439483014462; x[57]=0.6461251147347441; 
x[58]=0.16259462677248696; x[59]=0.95562307435291; 
x[60]=0.04437692564708997; x[61]=0.8374053732275131; 
