x[0]=0.5; x[1]=0.5; x[2]=0.5; 
x[3]=0.6646584390020874; x[4]=0.6646584390020874; x[5]=0.6646584390020874; 
x[6]=0.8293168780041748; x[7]=0.8293168780041748; x[8]=0.8293168780041748; 
x[9]=0.9939753170062622; x[10]=0.9939753170062622; x[11]=0.9939753170062622; 
x[12]=0.3353415609979126; x[13]=0.3353415609979126; x[14]=0.3353415609979126; 
x[15]=0.17068312199582525; x[16]=0.17068312199582525; x[17]=0.17068312199582525; 
x[18]=0.006024682993737868; x[19]=0.006024682993737868; x[20]=0.006024682993737868; 
x[21]=0.7053257150155596; x[22]=0.4267201007389334; x[23]=0.2032957452434196; 
x[24]=0.8699841540176471; x[25]=0.5913785397410207; x[26]=0.36795418424550697; 
x[27]=0.5406672760134723; x[28]=0.26206166173684603; x[29]=0.03863730624133222; 
x[30]=0.29467428498444037; x[31]=0.5732798992610666; x[32]=0.7967042547565804; 
x[33]=0.45933272398652775; x[34]=0.737938338263154; x[35]=0.9613626937586678; 
x[36]=0.130015845982353; x[37]=0.4086214602589792; x[38]=0.632045815754493; 
x[39]=0.4267201007389334; x[40]=0.2032957452434196; x[41]=0.7053257150155596; 
x[42]=0.5913785397410207; x[43]=0.36795418424550697; x[44]=0.8699841540176471; 
x[45]=0.26206166173684603; x[46]=0.03863730624133222; x[47]=0.5406672760134723; 
x[48]=0.7967042547565804; x[49]=0.29467428498444037; x[50]=0.5732798992610666; 
x[51]=0.9613626937586678; x[52]=0.45933272398652775; x[53]=0.737938338263154; 
x[54]=0.632045815754493; x[55]=0.130015845982353; x[56]=0.4086214602589792; 
x[57]=0.8373715307700527; x[58]=0.056735946721286366; x[59]=0.11191720550239884; 
x[60]=0.056735946721286366; x[61]=0.11191720550239884; x[62]=0.8373715307700527; 
x[63]=0.8880827944976012; x[64]=0.16262846922994734; x[65]=0.9432640532787137; 
x[66]=0.5732798992610666; x[67]=0.7967042547565804; x[68]=0.29467428498444037; 
x[69]=0.737938338263154; x[70]=0.9613626937586678; x[71]=0.45933272398652775; 
x[72]=0.4086214602589792; x[73]=0.632045815754493; x[74]=0.130015845982353; 
x[75]=0.9432640532787137; x[76]=0.8880827944976012; x[77]=0.16262846922994734; 
x[78]=0.2032957452434196; x[79]=0.7053257150155596; x[80]=0.4267201007389334; 
x[81]=0.36795418424550697; x[82]=0.8699841540176471; x[83]=0.5913785397410207; 
x[84]=0.03863730624133222; x[85]=0.5406672760134723; x[86]=0.26206166173684603; 
x[87]=0.16262846922994734; x[88]=0.9432640532787137; x[89]=0.8880827944976012; 
x[90]=0.11191720550239884; x[91]=0.8373715307700527; x[92]=0.056735946721286366; 
