x[0]=0.5; x[1]=0.5; x[2]=0.5; x[3]=0.5; x[4]=0.5; x[5]=0.5; 
x[6]=0.7163566621671801; x[7]=0.7163566621671801; x[8]=0.7163566621671801; x[9]=0.7163566621671801; x[10]=0.7163566621671801; x[11]=0.7163566621671801; 
x[12]=0.9327133243343602; x[13]=0.9327133243343602; x[14]=0.9327133243343602; x[15]=0.9327133243343602; x[16]=0.9327133243343602; x[17]=0.9327133243343602; 
x[18]=0.2836433378328199; x[19]=0.2836433378328199; x[20]=0.2836433378328199; x[21]=0.2836433378328199; x[22]=0.2836433378328199; x[23]=0.2836433378328199; 
x[24]=0.0672866756656398; x[25]=0.0672866756656398; x[26]=0.0672866756656398; x[27]=0.0672866756656398; x[28]=0.0672866756656398; x[29]=0.0672866756656398; 
x[30]=0.883148620412291; x[31]=0.7458091849951948; x[32]=0.5521578276175086; x[33]=0.3465577405026141; x[34]=0.17610942585888373; x[35]=0.0798605384463276; 
x[36]=0.11685137958770901; x[37]=0.25419081500480517; x[38]=0.4478421723824913; x[39]=0.6534422594973859; x[40]=0.8238905741411163; x[41]=0.9201394615536724; 
x[42]=0.7458091849951948; x[43]=0.3465577405026141; x[44]=0.0798605384463276; x[45]=0.17610942585888373; x[46]=0.5521578276175086; x[47]=0.883148620412291; 
x[48]=0.25419081500480517; x[49]=0.6534422594973859; x[50]=0.9201394615536724; x[51]=0.8238905741411163; x[52]=0.4478421723824913; x[53]=0.11685137958770901; 
x[54]=0.5521578276175086; x[55]=0.0798605384463276; x[56]=0.3465577405026141; x[57]=0.883148620412291; x[58]=0.7458091849951948; x[59]=0.17610942585888373; 
x[60]=0.4478421723824913; x[61]=0.9201394615536724; x[62]=0.6534422594973859; x[63]=0.11685137958770901; x[64]=0.25419081500480517; x[65]=0.8238905741411163; 
x[66]=0.3465577405026141; x[67]=0.17610942585888373; x[68]=0.883148620412291; x[69]=0.5521578276175086; x[70]=0.0798605384463276; x[71]=0.7458091849951948; 
x[72]=0.7818641885324138; x[73]=0.00177914930040612; x[74]=0.7818641885324138; x[75]=0.7818641885324138; x[76]=0.00177914930040612; x[77]=0.001779149300406121; 
x[78]=0.9982208506995939; x[79]=0.21813581146758623; x[80]=0.9982208506995939; x[81]=0.9982208506995939; x[82]=0.21813581146758623; x[83]=0.21813581146758623; 
x[84]=0.6534422594973859; x[85]=0.8238905741411163; x[86]=0.11685137958770901; x[87]=0.4478421723824913; x[88]=0.9201394615536724; x[89]=0.25419081500480517; 
x[90]=0.21813581146758623; x[91]=0.9982208506995939; x[92]=0.21813581146758623; x[93]=0.21813581146758623; x[94]=0.9982208506995939; x[95]=0.9982208506995939; 
x[96]=0.00177914930040612; x[97]=0.7818641885324138; x[98]=0.00177914930040612; x[99]=0.00177914930040612; x[100]=0.7818641885324138; x[101]=0.7818641885324138; 
x[102]=0.9201394615536724; x[103]=0.11685137958770901; x[104]=0.8238905741411163; x[105]=0.25419081500480517; x[106]=0.6534422594973859; x[107]=0.4478421723824913; 
x[108]=0.17610942585888373; x[109]=0.5521578276175086; x[110]=0.7458091849951948; x[111]=0.0798605384463276; x[112]=0.883148620412291; x[113]=0.3465577405026141; 
x[114]=0.0798605384463276; x[115]=0.883148620412291; x[116]=0.17610942585888373; x[117]=0.7458091849951948; x[118]=0.3465577405026141; x[119]=0.5521578276175086; 
x[120]=0.8238905741411163; x[121]=0.4478421723824913; x[122]=0.25419081500480517; x[123]=0.9201394615536724; x[124]=0.11685137958770901; x[125]=0.6534422594973859; 
