x[0]=0.5; x[1]=0.5; 
x[2]=0.5835925381220528; x[3]=0.5835925381220528; 
x[4]=0.6671850762441055; x[5]=0.6671850762441055; 
x[6]=0.7507776143661583; x[7]=0.7507776143661583; 
x[8]=0.834370152488211; x[9]=0.834370152488211; 
x[10]=0.9179626906102638; x[11]=0.9179626906102638; 
x[12]=0.41640746187794725; x[13]=0.41640746187794725; 
x[14]=0.3328149237558945; x[15]=0.3328149237558945; 
x[16]=0.24922238563384175; x[17]=0.24922238563384175; 
x[18]=0.165629847511789; x[19]=0.165629847511789; 
x[20]=0.08203730938973623; x[21]=0.08203730938973623; 
x[22]=0.5516630297652999; x[23]=0.36474443211264734; 
x[24]=0.6352555678873527; x[25]=0.4483369702347001; 
x[26]=0.7188481060094054; x[27]=0.5319295083567529; 
x[28]=0.8024406441314582; x[29]=0.6155220464788056; 
x[30]=0.8860331822535109; x[31]=0.6991145846008584; 
x[32]=0.9696257203755637; x[33]=0.7827071227229111; 
x[34]=0.46807049164324716; x[35]=0.2811518939905946; 
x[36]=0.3844779535211944; x[37]=0.19755935586854184; 
x[38]=0.30088541539914165; x[39]=0.11396681774648908; 
x[40]=0.2172928772770889; x[41]=0.03037427962443633; 
x[42]=0.6869185976526526; x[43]=0.31308140234734744; 
x[44]=0.7705111357747053; x[45]=0.3966739404694002; 
x[46]=0.8541036738967581; x[47]=0.48026647859145294; 
x[48]=0.9376962120188108; x[49]=0.5638590167135057; 
x[50]=0.6033260595305998; x[51]=0.2294888642252947; 
x[52]=0.5197335214085471; x[53]=0.14589632610324194; 
x[54]=0.4361409832864943; x[55]=0.06230378798118917; 
x[56]=0.7385816274179525; x[57]=0.17782583445999478; 
x[58]=0.8221741655400052; x[59]=0.26141837258204753; 
x[60]=0.905766703662058; x[61]=0.3450109107041003; 
x[62]=0.9893592417841107; x[63]=0.42860344882615303; 
x[64]=0.6549890892958997; x[65]=0.09423329633794202; 
x[66]=0.571396551173847; x[67]=0.010640758215889267; 
x[68]=0.8738371953053051; x[69]=0.12616280469469487; 
x[70]=0.9574297334273579; x[71]=0.20975534281674763; 
x[72]=0.7902446571832524; x[73]=0.04257026657264211; 
x[74]=0.4483369702347001; x[75]=0.6352555678873527; 
x[76]=0.5319295083567529; x[77]=0.7188481060094054; 
x[78]=0.6155220464788056; x[79]=0.8024406441314582; 
x[80]=0.6991145846008584; x[81]=0.8860331822535109; 
x[82]=0.7827071227229111; x[83]=0.9696257203755637; 
x[84]=0.36474443211264734; x[85]=0.5516630297652999; 
x[86]=0.2811518939905946; x[87]=0.46807049164324716; 
x[88]=0.19755935586854184; x[89]=0.3844779535211944; 
x[90]=0.11396681774648908; x[91]=0.30088541539914165; 
x[92]=0.03037427962443633; x[93]=0.2172928772770889; 
x[94]=0.31308140234734744; x[95]=0.6869185976526526; 
x[96]=0.3966739404694002; x[97]=0.7705111357747053; 
x[98]=0.48026647859145294; x[99]=0.8541036738967581; 
x[100]=0.5638590167135057; x[101]=0.9376962120188108; 
x[102]=0.2294888642252947; x[103]=0.6033260595305998; 
x[104]=0.14589632610324194; x[105]=0.5197335214085471; 
x[106]=0.06230378798118917; x[107]=0.4361409832864943; 
x[108]=0.26141837258204753; x[109]=0.8221741655400052; 
x[110]=0.3450109107041003; x[111]=0.905766703662058; 
x[112]=0.42860344882615303; x[113]=0.9893592417841107; 
x[114]=0.17782583445999478; x[115]=0.7385816274179525; 
x[116]=0.09423329633794202; x[117]=0.6549890892958997; 
x[118]=0.010640758215889267; x[119]=0.571396551173847; 
x[120]=0.12616280469469487; x[121]=0.8738371953053051; 
x[122]=0.20975534281674763; x[123]=0.9574297334273579; 
x[124]=0.04257026657264211; x[125]=0.7902446571832524; 
