x[0]=0.5; x[1]=0.5; x[2]=0.5; 
x[3]=0.9149132666831217; x[4]=0.9149132666831217; x[5]=0.9149132666831217; 
x[6]=0.08508673331687829; x[7]=0.08508673331687829; x[8]=0.08508673331687829; 
