x[0]=0.5; x[1]=0.5; 
x[2]=0.736435402250794; x[3]=0.736435402250794; 
x[4]=0.9728708045015879; x[5]=0.9728708045015879; 
x[6]=0.26356459774920604; x[7]=0.26356459774920604; 
x[8]=0.027129195498412095; x[9]=0.027129195498412095; 
x[10]=0.6461251147347441; x[11]=0.117439483014462; 
x[12]=0.8825605169855381; x[13]=0.35387488526525596; 
x[14]=0.35387488526525596; x[15]=0.8825605169855381; 
x[16]=0.117439483014462; x[17]=0.6461251147347441; 
