x[0]=0.5; x[1]=0.5; x[2]=0.5; 
x[3]=0.8293168780041748; x[4]=0.8293168780041748; x[5]=0.8293168780041748; 
x[6]=0.17068312199582525; x[7]=0.17068312199582525; x[8]=0.17068312199582525; 
