x[0]=0.5; x[1]=0.5; x[2]=0.5; x[3]=0.5; x[4]=0.5; 
x[5]=0.7528278599064836; x[6]=0.7528278599064836; x[7]=0.7528278599064836; x[8]=0.7528278599064836; x[9]=0.7528278599064836; 
x[10]=0.24717214009351637; x[11]=0.24717214009351637; x[12]=0.24717214009351637; x[13]=0.24717214009351637; x[14]=0.24717214009351637; 
x[15]=0.9253846606889525; x[16]=0.710056977420582; x[17]=0.42803768801285597; x[18]=0.16886592419964885; x[19]=0.014826889771476939; 
x[20]=0.07461533931104741; x[21]=0.28994302257941795; x[22]=0.571962311987144; x[23]=0.8311340758003511; x[24]=0.985173110228523; 
x[25]=0.710056977420582; x[26]=0.16886592419964885; x[27]=0.014826889771476939; x[28]=0.42803768801285597; x[29]=0.9253846606889525; 
x[30]=0.28994302257941795; x[31]=0.8311340758003511; x[32]=0.985173110228523; x[33]=0.571962311987144; x[34]=0.07461533931104741; 
x[35]=0.42803768801285597; x[36]=0.014826889771476939; x[37]=0.710056977420582; x[38]=0.9253846606889525; x[39]=0.16886592419964885; 
x[40]=0.571962311987144; x[41]=0.985173110228523; x[42]=0.28994302257941795; x[43]=0.07461533931104741; x[44]=0.8311340758003511; 
x[45]=0.16886592419964885; x[46]=0.42803768801285597; x[47]=0.9253846606889525; x[48]=0.014826889771476939; x[49]=0.710056977420582; 
x[50]=0.985173110228523; x[51]=0.07461533931104741; x[52]=0.8311340758003511; x[53]=0.28994302257941795; x[54]=0.571962311987144; 
x[55]=0.8311340758003511; x[56]=0.571962311987144; x[57]=0.07461533931104741; x[58]=0.985173110228523; x[59]=0.28994302257941795; 
x[60]=0.014826889771476939; x[61]=0.9253846606889525; x[62]=0.16886592419964885; x[63]=0.710056977420582; x[64]=0.42803768801285597; 
