x[0]=0.5; x[1]=0.5; x[2]=0.5; x[3]=0.5; x[4]=0.5; 
x[5]=0.8336083612103862; x[6]=0.8336083612103862; x[7]=0.8336083612103862; x[8]=0.8336083612103862; x[9]=0.8336083612103862; 
x[10]=0.1663916387896138; x[11]=0.1663916387896138; x[12]=0.1663916387896138; x[13]=0.1663916387896138; x[14]=0.1663916387896138; 
