x[0]=0.5; x[1]=0.5; x[2]=0.5; x[3]=0.5; 
x[4]=0.7077666986514503; x[5]=0.7077666986514503; x[6]=0.7077666986514503; x[7]=0.7077666986514503; 
x[8]=0.9155333973029004; x[9]=0.9155333973029004; x[10]=0.9155333973029004; x[11]=0.9155333973029004; 
x[12]=0.2922333013485498; x[13]=0.2922333013485498; x[14]=0.2922333013485498; x[15]=0.2922333013485498; 
x[16]=0.08446660269709957; x[17]=0.08446660269709957; x[18]=0.08446660269709957; x[19]=0.08446660269709957; 
x[20]=0.8796086476048629; x[21]=0.7780461140996461; x[22]=0.4565649325435405; x[23]=0.09354700440340072; 
x[24]=0.12039135239513712; x[25]=0.2219538859003539; x[26]=0.5434350674564595; x[27]=0.9064529955965993; 
x[28]=0.7780461140996461; x[29]=0.4565649325435405; x[30]=0.09354700440340072; x[31]=0.8796086476048629; 
x[32]=0.2219538859003539; x[33]=0.5434350674564595; x[34]=0.9064529955965993; x[35]=0.12039135239513712; 
x[36]=0.8361735801484034; x[37]=0.3715931185030468; x[38]=0.8361735801484034; x[39]=0.3715931185030468; 
x[40]=0.6284068814969532; x[41]=0.1638264198515966; x[42]=0.6284068814969532; x[43]=0.1638264198515966; 
x[44]=0.4565649325435405; x[45]=0.09354700440340072; x[46]=0.8796086476048629; x[47]=0.7780461140996461; 
x[48]=0.9064529955965993; x[49]=0.12039135239513712; x[50]=0.2219538859003539; x[51]=0.5434350674564595; 
x[52]=0.9645804616453566; x[53]=0.03541953835464343; x[54]=0.9645804616453566; x[55]=0.03541953835464343; 
x[56]=0.1638264198515966; x[57]=0.6284068814969532; x[58]=0.1638264198515966; x[59]=0.6284068814969532; 
x[60]=0.3715931185030468; x[61]=0.8361735801484034; x[62]=0.3715931185030468; x[63]=0.8361735801484034; 
x[64]=0.5434350674564595; x[65]=0.9064529955965993; x[66]=0.12039135239513712; x[67]=0.2219538859003539; 
x[68]=0.09354700440340072; x[69]=0.8796086476048629; x[70]=0.7780461140996461; x[71]=0.4565649325435405; 
x[72]=0.03541953835464343; x[73]=0.9645804616453566; x[74]=0.03541953835464343; x[75]=0.9645804616453566; 
