x[0]=0.5; x[1]=0.5; x[2]=0.5; x[3]=0.5; x[4]=0.5; x[5]=0.5; 
x[6]=0.742852142181552; x[7]=0.742852142181552; x[8]=0.742852142181552; x[9]=0.742852142181552; x[10]=0.742852142181552; x[11]=0.742852142181552; 
x[12]=0.985704284363104; x[13]=0.985704284363104; x[14]=0.985704284363104; x[15]=0.985704284363104; x[16]=0.985704284363104; x[17]=0.985704284363104; 
x[18]=0.257147857818448; x[19]=0.257147857818448; x[20]=0.257147857818448; x[21]=0.257147857818448; x[22]=0.257147857818448; x[23]=0.257147857818448; 
x[24]=0.014295715636895997; x[25]=0.014295715636895997; x[26]=0.014295715636895997; x[27]=0.014295715636895997; x[28]=0.014295715636895997; x[29]=0.014295715636895997; 
x[30]=0.9300697852748906; x[31]=0.7759114812829639; x[32]=0.5585451820229159; x[33]=0.3277668871073459; x[34]=0.13644512272146378; x[35]=0.028409399408867816; 
x[36]=0.06993021472510942; x[37]=0.22408851871703606; x[38]=0.441454817977084; x[39]=0.6722331128926541; x[40]=0.8635548772785362; x[41]=0.9715906005911322; 
x[42]=0.7759114812829639; x[43]=0.3277668871073459; x[44]=0.028409399408867816; x[45]=0.13644512272146378; x[46]=0.5585451820229159; x[47]=0.9300697852748906; 
x[48]=0.22408851871703606; x[49]=0.6722331128926541; x[50]=0.9715906005911322; x[51]=0.8635548772785362; x[52]=0.441454817977084; x[53]=0.06993021472510942; 
x[54]=0.5585451820229159; x[55]=0.028409399408867816; x[56]=0.3277668871073459; x[57]=0.9300697852748906; x[58]=0.7759114812829639; x[59]=0.13644512272146378; 
x[60]=0.441454817977084; x[61]=0.9715906005911322; x[62]=0.6722331128926541; x[63]=0.06993021472510942; x[64]=0.22408851871703606; x[65]=0.8635548772785362; 
x[66]=0.3277668871073459; x[67]=0.13644512272146378; x[68]=0.9300697852748906; x[69]=0.5585451820229159; x[70]=0.028409399408867816; x[71]=0.7759114812829639; 
x[72]=0.6722331128926541; x[73]=0.8635548772785362; x[74]=0.06993021472510942; x[75]=0.441454817977084; x[76]=0.9715906005911322; x[77]=0.22408851871703606; 
x[78]=0.9715906005911322; x[79]=0.06993021472510942; x[80]=0.8635548772785362; x[81]=0.22408851871703606; x[82]=0.6722331128926541; x[83]=0.441454817977084; 
x[84]=0.13644512272146378; x[85]=0.5585451820229159; x[86]=0.7759114812829639; x[87]=0.028409399408867816; x[88]=0.9300697852748906; x[89]=0.3277668871073459; 
x[90]=0.028409399408867816; x[91]=0.9300697852748906; x[92]=0.13644512272146378; x[93]=0.7759114812829639; x[94]=0.3277668871073459; x[95]=0.5585451820229159; 
x[96]=0.8635548772785362; x[97]=0.441454817977084; x[98]=0.22408851871703606; x[99]=0.9715906005911322; x[100]=0.06993021472510942; x[101]=0.6722331128926541; 
