x[0]=0.5; x[1]=0.5; x[2]=0.5; 
x[3]=0.7074566333415608; x[4]=0.7074566333415608; x[5]=0.7074566333415608; 
x[6]=0.9149132666831217; x[7]=0.9149132666831217; x[8]=0.9149132666831217; 
x[9]=0.29254336665843916; x[10]=0.29254336665843916; x[11]=0.29254336665843916; 
x[12]=0.08508673331687829; x[13]=0.08508673331687829; x[14]=0.08508673331687829; 
x[15]=0.7586941904328194; x[16]=0.4076731123868064; x[17]=0.1261760638388133; 
x[18]=0.9661508237743803; x[19]=0.6151297457283673; x[20]=0.3336326971803742; 
x[21]=0.24130580956718056; x[22]=0.5923268876131936; x[23]=0.8738239361611867; 
x[24]=0.03384917622561971; x[25]=0.38487025427163274; x[26]=0.6663673028196259; 
x[27]=0.4076731123868064; x[28]=0.1261760638388133; x[29]=0.7586941904328194; 
x[30]=0.6151297457283673; x[31]=0.3336326971803742; x[32]=0.9661508237743803; 
x[33]=0.8738239361611867; x[34]=0.24130580956718056; x[35]=0.5923268876131936; 
x[36]=0.6663673028196259; x[37]=0.03384917622561971; x[38]=0.38487025427163274; 
x[39]=0.5923268876131936; x[40]=0.8738239361611867; x[41]=0.24130580956718056; 
x[42]=0.38487025427163274; x[43]=0.6663673028196259; x[44]=0.03384917622561971; 
x[45]=0.1261760638388133; x[46]=0.7586941904328194; x[47]=0.4076731123868064; 
x[48]=0.3336326971803742; x[49]=0.9661508237743803; x[50]=0.6151297457283673; 
