x[0]=0.5; x[1]=0.5; 
x[2]=0.834370152488211; x[3]=0.834370152488211; 
x[4]=0.165629847511789; x[5]=0.165629847511789; 
