x[0]=0.5; x[1]=0.5; x[2]=0.5; x[3]=0.5; x[4]=0.5; x[5]=0.5; 
x[6]=0.772592312949424; x[7]=0.772592312949424; x[8]=0.772592312949424; x[9]=0.772592312949424; x[10]=0.772592312949424; x[11]=0.772592312949424; 
x[12]=0.22740768705057607; x[13]=0.22740768705057607; x[14]=0.22740768705057607; x[15]=0.22740768705057607; x[16]=0.22740768705057607; x[17]=0.22740768705057607; 
