x[0]=0.5; x[1]=0.5; x[2]=0.5; x[3]=0.5; x[4]=0.5; 
x[5]=0.7200994358585429; x[6]=0.7200994358585429; x[7]=0.7200994358585429; x[8]=0.7200994358585429; x[9]=0.7200994358585429; 
x[10]=0.9401988717170857; x[11]=0.9401988717170857; x[12]=0.9401988717170857; x[13]=0.9401988717170857; x[14]=0.9401988717170857; 
x[15]=0.27990056414145714; x[16]=0.27990056414145714; x[17]=0.27990056414145714; x[18]=0.27990056414145714; x[19]=0.27990056414145714; 
x[20]=0.05980112828291425; x[21]=0.05980112828291425; x[22]=0.05980112828291425; x[23]=0.05980112828291425; x[24]=0.05980112828291425; 
x[25]=0.8703188559802983; x[26]=0.682865220017769; x[27]=0.43735316876350033; x[28]=0.21173104378546284; x[29]=0.07763227559442672; 
x[30]=0.12968114401970168; x[31]=0.3171347799822311; x[32]=0.5626468312364996; x[33]=0.7882689562145372; x[34]=0.9223677244055732; 
x[35]=0.682865220017769; x[36]=0.21173104378546284; x[37]=0.07763227559442672; x[38]=0.43735316876350033; x[39]=0.8703188559802983; 
x[40]=0.3171347799822311; x[41]=0.7882689562145372; x[42]=0.9223677244055732; x[43]=0.5626468312364996; x[44]=0.12968114401970168; 
x[45]=0.43735316876350033; x[46]=0.07763227559442672; x[47]=0.682865220017769; x[48]=0.8703188559802983; x[49]=0.21173104378546284; 
x[50]=0.5626468312364996; x[51]=0.9223677244055732; x[52]=0.3171347799822311; x[53]=0.12968114401970168; x[54]=0.7882689562145372; 
x[55]=0.9223677244055732; x[56]=0.12968114401970168; x[57]=0.7882689562145372; x[58]=0.3171347799822311; x[59]=0.5626468312364996; 
x[60]=0.21173104378546284; x[61]=0.43735316876350033; x[62]=0.8703188559802983; x[63]=0.07763227559442672; x[64]=0.682865220017769; 
x[65]=0.07763227559442672; x[66]=0.8703188559802983; x[67]=0.21173104378546284; x[68]=0.682865220017769; x[69]=0.43735316876350033; 
x[70]=0.7882689562145372; x[71]=0.5626468312364996; x[72]=0.12968114401970168; x[73]=0.9223677244055732; x[74]=0.3171347799822311; 
