x[0]=0.5; x[1]=0.5; x[2]=0.5; x[3]=0.5; x[4]=0.5; 
x[5]=0.7904229467719985; x[6]=0.7904229467719985; x[7]=0.7904229467719985; x[8]=0.7904229467719985; x[9]=0.7904229467719985; 
x[10]=0.20957705322800144; x[11]=0.20957705322800144; x[12]=0.20957705322800144; x[13]=0.20957705322800144; x[14]=0.20957705322800144; 
