x[0]=0.5; x[1]=0.5; x[2]=0.5; 
x[3]=0.7613789792873551; x[4]=0.7613789792873551; x[5]=0.7613789792873551; 
x[6]=0.2386210207126449; x[7]=0.2386210207126449; x[8]=0.2386210207126449; 
x[9]=0.8259342560118221; x[10]=0.3836754108248592; x[11]=0.02901135387596362; 
x[12]=0.1740657439881779; x[13]=0.6163245891751409; x[14]=0.9709886461240363; 
x[15]=0.9709886461240363; x[16]=0.1740657439881779; x[17]=0.6163245891751409; 
x[18]=0.3836754108248592; x[19]=0.02901135387596362; x[20]=0.8259342560118221; 
x[21]=0.02901135387596362; x[22]=0.8259342560118221; x[23]=0.3836754108248592; 
x[24]=0.6163245891751409; x[25]=0.9709886461240363; x[26]=0.1740657439881779; 
