x[0]=0.5; x[1]=0.5; x[2]=0.5; x[3]=0.5; x[4]=0.5; x[5]=0.5; 
x[6]=0.8059745259466; x[7]=0.8059745259466; x[8]=0.8059745259466; x[9]=0.8059745259466; x[10]=0.8059745259466; x[11]=0.8059745259466; 
x[12]=0.19402547405339998; x[13]=0.19402547405339998; x[14]=0.19402547405339998; x[15]=0.19402547405339998; x[16]=0.19402547405339998; x[17]=0.19402547405339998; 
