x[0]=0.5; x[1]=0.5; 
x[2]=0.9728708045015879; x[3]=0.9728708045015879; 
x[4]=0.027129195498412095; x[5]=0.027129195498412095; 
