x[0]=0.5; x[1]=0.5; 
x[2]=0.6671850762441055; x[3]=0.6671850762441055; 
x[4]=0.834370152488211; x[5]=0.834370152488211; 
x[6]=0.3328149237558945; x[7]=0.3328149237558945; 
x[8]=0.165629847511789; x[9]=0.165629847511789; 
x[10]=0.6033260595305998; x[11]=0.2294888642252947; 
x[12]=0.7705111357747053; x[13]=0.3966739404694002; 
x[14]=0.9376962120188108; x[15]=0.5638590167135057; 
x[16]=0.4361409832864943; x[17]=0.06230378798118917; 
x[18]=0.8738371953053051; x[19]=0.12616280469469487; 
x[20]=0.3966739404694002; x[21]=0.7705111357747053; 
x[22]=0.5638590167135057; x[23]=0.9376962120188108; 
x[24]=0.2294888642252947; x[25]=0.6033260595305998; 
x[26]=0.06230378798118917; x[27]=0.4361409832864943; 
x[28]=0.12616280469469487; x[29]=0.8738371953053051; 
