249	251	254
249	251	254
245	249	254
241	247	254
237	245	254
233	243	254
229	241	254
225	239	254
221	237	254
217	235	254
213	233	254
209	231	254
205	229	254
201	227	254
197	225	254
193	223	254
190	221	254
186	219	254
182	217	254
178	215	254
174	213	254
169	211	254
165	209	254
161	207	254
157	205	254
153	203	254
149	201	254
145	199	254
141	197	254
137	195	254
133	193	254
129	191	254
125	190	254
121	188	254
117	186	254
113	184	254
109	182	254
105	180	254
101	178	254
97	176	254
93	174	254
89	172	254
84	170	254
80	168	254
76	166	254
72	164	254
68	162	254
64	160	254
61	158	254
57	156	254
53	154	254
49	152	254
45	150	254
41	148	254
37	146	254
33	144	254
29	142	254
25	140	254
21	138	254
17	136	254
13	134	254
9	132	254
5	130	254
1	128	254
1	125	254
1	128	250
1	130	246
1	132	242
1	134	238
1	136	234
1	138	230
1	140	226
1	142	222
1	144	218
1	146	214
1	148	210
1	150	206
1	152	202
1	154	198
1	156	194
1	158	191
1	160	187
1	162	183
1	164	179
1	166	175
1	168	171
1	170	167
1	172	163
1	174	159
1	176	155
1	178	151
1	180	147
1	182	143
1	184	139
1	186	135
1	188	131
1	190	127
1	191	123
1	193	119
1	195	115
1	197	111
1	199	107
1	201	103
1	203	99
1	205	95
1	207	91
1	209	87
1	211	83
1	213	79
1	215	75
1	217	71
1	219	67
1	221	64
1	223	60
1	225	56
1	227	52
1	229	48
1	231	44
1	233	40
1	235	36
1	237	32
1	239	28
1	241	24
1	243	20
1	245	16
1	247	12
1	249	8
1	251	4
1	254	1
4	254	3
8	254	5
12	254	7
16	254	9
20	254	11
24	254	13
28	254	15
32	254	17
36	254	19
40	254	21
44	254	23
48	254	25
52	254	27
56	254	29
60	254	31
64	254	33
67	254	35
71	254	37
75	254	39
79	254	41
83	254	43
87	254	45
91	254	47
95	254	49
99	254	51
103	254	53
107	254	55
111	254	57
115	254	59
119	254	61
123	254	63
127	254	64
131	254	66
135	254	68
139	254	70
143	254	72
147	254	74
151	254	76
155	254	78
159	254	80
163	254	82
167	254	84
171	254	86
175	254	88
179	254	90
183	254	92
187	254	94
191	254	96
194	254	98
198	254	100
202	254	102
206	254	104
210	254	106
214	254	108
218	254	110
222	254	112
226	254	114
230	254	116
234	254	118
238	254	120
242	254	122
246	254	124
250	254	126
254	254	128
254	250	126
254	246	124
254	242	122
254	238	120
254	234	118
254	230	116
254	226	114
254	222	112
254	218	110
254	214	108
254	210	106
254	206	104
254	202	102
254	198	100
254	194	98
254	191	96
254	187	94
254	183	92
254	179	90
254	175	88
254	171	86
254	167	84
254	163	82
254	159	80
254	155	78
254	151	76
254	147	74
254	143	72
254	139	70
254	135	68
254	131	66
254	127	64
254	123	63
254	119	61
254	115	59
254	111	57
254	107	55
254	103	53
254	99	51
254	95	49
254	91	47
254	87	45
254	83	43
254	79	41
254	75	39
254	71	37
254	67	35
254	64	33
254	60	31
254	56	29
254	52	27
254	48	25
254	44	23
254	40	21
254	36	19
254	32	17
254	28	15
254	24	13
254	20	11
254	16	9
254	12	7
254	8	5
254	8	5
